BN: 1.1548930771546542
Java-Bali/ID: 0.9677559510024477
KH: 1.6703085075522057
Kalimantan/ID: 0.0684119987522059
LA: 1.6201497779281664
MM: 0.5763087803970016
Maluku/ID: 0.0007703377715926696
Nusa-Tenggara/ID: 0.018077574827771708
PH: 1.185899488327482
Papua/ID: 0.008680991480677273
Peninsular/MY: 0.7283933101573056
SG: 0.8984512947366367
Sabah/MY: 0.145469224513556
Sarawak/MY: 0.17881710805908596
Sulawesi/ID: 0.04955231189580019
Sumatra/ID: 0.27153850169698224
TH: 0.8848262630847911
VN: 1.371832603927374
