BN: 1.14203842675567
Java-Bali/ID: 1.4586822357082216
KH: 2.482712277187079
Kalimantan/ID: 0.10311625279675843
LA: 2.0744082174553924
MM: 1.2728128632863034
Maluku/ID: 0.001161117140900374
Nusa-Tenggara/ID: 0.02724802388313085
PH: 1.7184891602996426
Papua/ID: 0.01308471216124438
Peninsular/MY: 0.6179501613610282
SG: 0.7099599560586152
Sabah/MY: 0.12341235086549894
Sarawak/MY: 0.1517038380752848
Sulawesi/ID: 0.07468936463351607
Sumatra/ID: 0.4092854074686159
TH: 0.9900902874532649
VN: 2.2894774772010598
