BN: 2.2193291199824396
Java-Bali/ID: 3.039081128517826
KH: 5.147164383833034
Kalimantan/ID: 0.214836823433275
LA: 4.03369589254262
MM: 4.341918300233717
Maluku/ID: 0.002419121248292728
Nusa-Tenggara/ID: 0.05676970154669803
PH: 3.701153683993994
Papua/ID: 0.027261250482027353
Peninsular/MY: 1.001717224330859
SG: 1.263940091742682
Sabah/MY: 0.20005541755155887
Sarawak/MY: 0.2459168345589758
Sulawesi/ID: 0.15561102548732852
Sumatra/ID: 0.8527227709821823
TH: 2.0108958075748085
VN: 5.609597996879402
