BN: 2.204351157102163
Java-Bali/ID: 3.0329325153988065
KH: 5.144579516898982
Kalimantan/ID: 0.21440216951811134
LA: 4.031670201043937
MM: 4.239266402689465
Maluku/ID: 0.002414226926616292
Nusa-Tenggara/ID: 0.056654846129243916
PH: 3.681449819303459
Papua/ID: 0.027206096020772015
Peninsular/MY: 0.99508238781468
SG: 1.2609364328437962
Sabah/MY: 0.19873035798645336
Sarawak/MY: 0.24428801361605457
Sulawesi/ID: 0.15529619611874168
Sumatra/ID: 0.8509975579342817
TH: 1.9792969307730761
VN: 5.509237403701934
