BN: 1.0249207258705204
Java-Bali/ID: 1.204371871924849
KH: 2.0386981133735342
Kalimantan/ID: 0.08513870352744156
LA: 1.781866738465272
MM: 0.7187255051152649
Maluku/ID: 0.0009586850311036049
Nusa-Tenggara/ID: 0.02249753423126186
PH: 1.3983880241960784
Papua/ID: 0.01080349022800327
Peninsular/MY: 0.6043725429951515
SG: 0.6791587455064038
Sabah/MY: 0.12070073121320073
Sarawak/MY: 0.14837059706845615
Sulawesi/ID: 0.06166783120716547
Sumatra/ID: 0.3379295505749219
TH: 0.8670977379697808
VN: 1.7382956558124645
