BN: 1.2077099178256367
Java-Bali/ID: 1.650596602025139
KH: 2.8461258478186178
Kalimantan/ID: 0.11668294321638689
LA: 2.230433163950365
MM: 2.3363152590811893
Maluku/ID: 0.0013138817765836316
Nusa-Tenggara/ID: 0.030832963158394153
PH: 2.0352791798105985
Papua/ID: 0.014806227774029823
Peninsular/MY: 0.5481766561289303
SG: 0.693974254251567
Sabah/MY: 0.10947771204308329
Sarawak/MY: 0.13457477297986986
Sulawesi/ID: 0.08451601620529926
Sumatra/ID: 0.46313383839775807
TH: 1.0932783852564818
VN: 3.011989517394837
