BN: 1.040712148824302
Java-Bali/ID: 1.3824808134041149
KH: 2.3614010637465697
Kalimantan/ID: 0.09772946948410104
LA: 1.9035905710934802
MM: 1.60838770498326
Maluku/ID: 0.001100460491060988
Nusa-Tenggara/ID: 0.025824589687496912
PH: 1.6693472001796579
Papua/ID: 0.012401168033045298
Peninsular/MY: 0.5151424621610523
SG: 0.6188125375892414
Sabah/MY: 0.10288037168873572
Sarawak/MY: 0.1264650348067898
Sulawesi/ID: 0.07078759927520918
Sumatra/ID: 0.3879043764161044
TH: 0.93602497313388
VN: 2.3649007203695427
