BN: 1.202076615142533
Java-Bali/ID: 1.2512500331071377
KH: 2.0834355230570623
Kalimantan/ID: 0.08845258519459787
LA: 1.9207396700032118
MM: 0.5080794644117831
Maluku/ID: 0.000996000242840737
Nusa-Tenggara/ID: 0.02337321313117804
PH: 1.4317991225597269
Papua/ID: 0.011223998019695714
Peninsular/MY: 0.7481787122279548
SG: 0.8594547586242814
Sabah/MY: 0.14942061596069148
Sarawak/MY: 0.18367433056610719
Sulawesi/ID: 0.06406814841689192
Sumatra/ID: 0.35108289325037917
TH: 0.9806053067034974
VN: 1.6708535035009355
